    00 01 02 03 04 05 06 07 08 09 10 11 12 13 14 15 16 17 18 19 20 21 22 23 24 25 26 27 28 29 30 31 32 33 34 35 36 37 38 39 40 41 42 43 44 45 46 47 48 49 50 51 52 53 54 55 
    -----------------------------------------------------------------------------------------------------------------------------------------------------------------------
Sent--
Py :02 00 06 00 00 00 00 00 00 01 00 00 00 00 00 00 00 01 00 00 00 00 00 00 00 00 00 00 00 00 06 c0 00 00 00 00 10 0e 00 00 01 01 25 00 00 00 00 00 00 00 00 00 00 00 00 00
Kep:02 00 01 00 00 00 00 00 00 01 00 00 00 00 00 00 00 01 00 00 00 00 00 00 00 00 00 00 00 00 01 c0 00 00 00 00 10 0e 00 00 01 01 4f 01 00 00 00 00 00 00 00 00 00 00 00 00
    02 00 01 00 00 00 00 00 00 01 00 00 00 00 00 00 00 01 00 00 00 00 00 00 00 00 00 00 00 00 06 c0 00 00 00 00 10 0e 00 00 01 01 04 08 bf 14 28 00 00 00 00 00 00 00 00 00 
Git:02 00 06 00 00 00 00 00 00 01 00 00 00 00 00 00 00 01 00 00 00 00 00 00 00 00 00 00 00 00 06 c0 00 00 00 00 10 0e 00 00 01 01 04 0a 0b 00 01 00 00 00 00 00 00 00 00 00  

Recv--
Py :03 00 06 00 00 00 00 00 00 01 00 00 00 00 00 00 00 01 00 00 00 00 00 00 00 00 00 00 00 00 06 d4 10 0e 00 00 30 3a 00 00 01 01 00 00 00 00 00 00 01 01 ff 02 00 00 7c 21
Kep:03 00 01 00 00 00 00 00 00 01 00 00 00 00 00 00 00 01 00 00 00 00 00 00 00 00 00 00 00 00 01 d4 10 0e 00 00 30 3a 00 00 01 01 00 00 00 00 00 00 01 01 ff 02 00 00 7c 21
    03 00 06 00 00 00 00 00 00 01 00 00 00 00 00 00 00 01 00 00 00 00 00 00 00 00 00 00 00 00 06 d4 10 0e 00 00 30 3a 00 00 01 01 00 00 0c 00 2b 00 3a 00 00 00 00 00 7c 21
Git:03 00 06 00 00 00 00 00 00 01 00 00 00 00 00 00 00 01 00 00 00 00 00 00 00 00 00 00 00 00 06 d4 10 0e 00 00 30 3a 00 00 01 01 00 00 00 00 00 00 01 01 ff 02 00 00 7c 21  

Kep 02 00 ae 00 00 00 00 00 00 01 00 00 00 00 00 00 00 01 00 00 00 00 00 00 00 00 00 00 00 00 06 c0 00 00 00 00 10 0e 00 00 01 01 04 0a 0a 00 01 00 00 00 00 00 00 00 00 00                                    
Me  02 00 06 00 00 00 00 00 00 01 00 00 00 00 00 00 00 01 00 00 00 00 00 00 00 00 00 00 00 00 06 c0 00 00 00 00 10 0e 00 00 01 01 04 0a 0b 00 01 00 00 00 00 00 00 00 00 00

Kep 03 00 ae 00 00 00 00 00 00 01 00 00 00 00 00 00 00 01 00 00 00 00 00 00 00 00 00 00 00 00 06 d4 10 0e 00 00 30 3a 00 00 01 01 00 00 30 02 00 00 00 00 00 00 00 00 7c 21
Me  03 00 06 00 00 00 00 00 00 01 00 00 00 00 00 00 00 01 00 00 00 00 00 00 00 00 00 00 00 00 06 d4 10 0e 00 00 30 3a 00 00 01 01 00 00 30 02 00 00 00 00 00 00 00 00 7c 21

                                    
